3134363123313033315333332d323037353536
3134353834233033233133302d323037353632
3134373934233035233135312d323037353230
313037343323343033342333312d313838393932
313037383323343033342333352d313838393132
313038353023343034342334322d313838373738
3134363134233033233133332d323037353536
313037353023343033342333322d313838393738
3134373923313035315335312d323037353230
3134353934233033233133312d323037353630
35333123313033315333232d323039343136
35343331533135534d35232d323039333932
313036363923233032233132342d313839313430
313037363123343033342333332d313838393536
35323823313030315330232d323039343232
313036373823343032342332352d313839313232
35333023313032315332232d323039343138
3134353034233032233132322d323037353738
313037373823343033342333352d313838393232
3134363234233033233133342d323037353534
3134363334233033233133352d323037353532
